No.  Label Name  R   G   B   A
14   L-RSC       255 255 255 255
15   L-POS2      255 255 255 255
27   L-PCV       255 255 255 255
29   L-7Pm       255 255 255 255
30   L-7m        255 255 255 255
33   L-v23ab     255 255 255 255
34   L-d23ab     255 255 255 255
45   L-7Am       255 255 255 255
161  L-31pd      255 255 255 255
1014 R-RSC       255 255 255 255
1015 R-POS2      255 255 255 255
1027 R-PCV       255 255 255 255
1029 R-7Pm       255 255 255 255
1030 R-7m        255 255 255 255
1033 R-v23ab     255 255 255 255
1034 R-d23ab     255 255 255 255
1045 R-7Am       255 255 255 255
1161 R-31pd      255 255 255 255
